model	post_prob	cumulative_post_prob	prior_prob	bf
0,1,2,3,4,5,6,7,8,9,6,3,10,3,0,11	0.132643	0.132643	<1e-06	>152927
0,1,2,3,4,5,6,7,4,8,6,3,9,3,0,10	0.0997857	0.232429	<1e-06	>110847
0,1,2,3,4,5,6,4,7,8,6,3,9,3,0,10	0.0865714	0.319	<1e-06	>94776.3
0,1,2,3,4,5,6,7,8,9,10,3,11,3,0,12	0.0588571	0.377857	1e-06	62537.9
0,1,2,3,4,5,6,7,8,9,6,3,10,3,11,12	0.0424286	0.420286	1e-06	44308.5
0,1,2,3,4,5,6,7,8,9,10,3,11,3,12,13	0.0325714	0.452857	2.6e-05	1294.89
0,1,2,3,4,5,6,7,8,9,6,10,11,10,0,12	0.0275714	0.480429	<1e-06	>28353.1
0,1,2,3,4,5,6,7,4,8,9,3,10,3,0,11	0.0261429	0.506571	<1e-06	>26844.6
0,1,2,3,4,5,6,7,8,9,6,3,10,3,8,11	0.0237857	0.530357	<1e-06	>24365.2
0,1,2,3,4,5,6,4,7,8,9,3,10,3,0,11	0.0235714	0.553929	<1e-06	>24140.4
0,1,2,3,4,5,6,7,4,8,6,3,9,3,10,11	0.0215	0.575429	<1e-06	>21972.4
0,1,2,3,4,5,6,7,8,9,10,11,12,13,14,15	0.0203571	0.595786	0.500889	0.0207064
0,1,2,3,4,5,6,7,8,9,10,11,12,11,0,13	0.019	0.614786	1.7e-05	1139.27
0,1,2,3,4,5,6,7,8,9,10,11,12,11,13,14	0.0185714	0.633357	0.002064	9.14913
0,1,2,3,4,5,6,4,7,8,6,3,9,3,10,11	0.0167857	0.650143	<1e-06	>17072.3
0,1,2,3,4,5,6,4,0,7,6,3,8,3,0,9	0.0165	0.666643	<1e-06	>16776.8
0,1,2,3,4,5,6,7,8,9,6,10,11,10,12,13	0.0159286	0.682571	1.5e-05	1079.08
0,1,2,3,4,5,6,4,4,7,6,3,8,3,0,9	0.0148571	0.697429	<1e-06	>15081.2
0,1,2,3,4,5,6,4,7,8,6,3,9,3,7,10	0.0140714	0.7115	<1e-06	>14272.2
0,1,2,3,4,5,6,7,8,9,6,10,11,3,0,12	0.0124286	0.723929	<1e-06	>12585
0,1,2,3,4,5,6,7,0,8,6,3,9,3,0,10	0.0124286	0.736357	<1e-06	>12585
0,1,2,3,4,5,6,7,4,8,6,9,10,9,0,11	0.0117857	0.748143	<1e-06	>11926.3
0,1,2,3,4,5,6,4,7,8,6,9,10,9,0,11	0.0112857	0.759429	<1e-06	>11414.5
0,1,2,3,4,5,6,7,8,9,6,3,10,11,0,12	0.0112143	0.770643	1e-06	11341.5
0,1,2,3,4,5,6,7,8,9,10,11,12,13,0,14	0.0103571	0.781	0.002047	5.10216
0,1,2,3,4,5,6,7,8,9,10,3,11,3,8,12	0.01	0.791	1e-06	10101
0,1,2,3,4,5,6,7,8,9,10,11,12,3,0,13	0.00921429	0.800214	8e-06	1162.49
0,1,2,3,4,5,6,7,4,8,9,3,10,3,11,12	0.00857143	0.808786	<1e-06	>8645.52
0,1,2,3,4,5,6,7,8,9,6,10,11,12,13,14	0.00842857	0.817214	0.00209	4.05859
0,1,2,3,4,5,6,7,8,9,10,11,12,3,13,14	0.00771429	0.824929	0.002064	3.75882
0,1,2,3,4,5,6,7,8,9,6,10,11,3,12,13	0.0075	0.832429	1.1e-05	686.963
0,1,2,3,4,5,6,7,8,9,10,3,11,12,13,14	0.00742857	0.839857	0.002079	3.5924
0,1,2,3,4,5,6,7,8,9,10,3,11,12,0,13	0.00728571	0.847143	1.6e-05	458.692
0,1,2,3,4,5,6,4,7,8,9,3,10,3,11,12	0.00685714	0.854	<1e-06	>6904.48
0,1,2,3,4,5,6,7,8,9,6,3,10,11,12,13	0.00607143	0.860071	2e-05	305.42
0,1,2,3,4,5,6,7,8,9,6,10,11,12,0,13	0.006	0.866071	1.7e-05	355.066
0,1,2,3,4,5,6,7,4,8,6,9,10,3,0,11	0.00578571	0.871857	<1e-06	>5819.38
0,1,2,3,4,5,6,7,4,8,9,10,11,10,0,12	0.00507143	0.876929	<1e-06	>5097.27
0,1,2,3,4,5,6,4,7,8,6,3,9,10,0,11	0.00471429	0.881643	<1e-06	>4736.61
0,1,2,3,4,5,6,7,8,9,6,10,11,10,8,12	0.00464286	0.886286	<1e-06	>4664.51
0,1,2,3,4,5,6,7,4,8,6,3,9,10,0,11	0.0045	0.890786	<1e-06	>4520.34
0,1,2,3,4,5,6,4,7,8,6,9,10,3,0,11	0.00428571	0.895071	<1e-06	>4304.16
0,1,2,3,4,5,6,4,7,8,9,10,11,10,0,12	0.00421429	0.899286	<1e-06	>4232.12
0,1,2,3,4,5,6,4,7,8,9,3,10,3,7,11	0.004	0.903286	<1e-06	>4016.06
0,1,2,3,4,5,6,7,0,8,9,3,10,3,0,11	0.00385714	0.907143	<1e-06	>3872.07
0,1,2,3,4,5,6,7,4,8,6,9,10,9,11,12	0.00364286	0.910786	<1e-06	>3656.17
0,1,2,3,4,5,6,4,7,8,6,9,10,9,11,12	0.00364286	0.914429	<1e-06	>3656.17
0,1,2,3,4,5,6,4,4,7,8,3,9,3,0,10	0.00314286	0.917571	<1e-06	>3152.76
0,1,2,3,4,5,6,7,8,9,10,11,12,11,8,13	0.00292857	0.9205	1.3e-05	225.933
0,1,2,3,4,5,6,7,4,8,9,10,11,10,12,13	0.00264286	0.923143	2.3e-05	115.209
0,1,2,3,4,5,6,4,7,8,9,10,11,10,12,13	0.00235714	0.9255	1.7e-05	138.981
0,1,2,3,4,5,6,4,0,7,8,3,9,3,0,10	0.00228571	0.927786	<1e-06	>2290.95
0,1,2,3,4,5,6,7,8,9,6,3,10,11,8,12	0.00228571	0.930071	<1e-06	>2290.95
0,1,2,3,4,5,6,4,4,7,6,3,8,3,9,10	0.00228571	0.932357	<1e-06	>2290.95
0,1,2,3,4,5,6,4,7,8,9,3,10,11,0,12	0.00214286	0.9345	2e-06	1073.73
0,1,2,3,4,5,6,7,4,8,6,9,10,11,0,12	0.00207143	0.936571	1e-06	2075.73
0,1,2,3,4,5,6,7,4,8,9,10,11,3,0,12	0.00207143	0.938643	<1e-06	>2075.73
0,1,2,3,4,5,6,4,7,8,6,9,10,9,7,11	0.00192857	0.940571	<1e-06	>1932.3
0,1,2,3,4,5,6,7,8,9,10,11,12,13,8,14	0.00185714	0.942429	0.002028	0.915594
0,1,2,3,4,5,6,7,0,8,6,9,10,9,0,11	0.00185714	0.944286	<1e-06	>1860.6
0,1,2,3,4,5,6,4,7,8,9,10,11,3,0,12	0.00178571	0.946071	1e-06	1788.91
0,1,2,3,4,5,6,7,8,9,6,10,11,3,8,12	0.00171429	0.947786	<1e-06	>1717.23
0,1,2,3,4,5,6,7,4,8,6,3,9,10,11,12	0.00171429	0.9495	<1e-06	>1717.23
0,1,2,3,4,5,6,4,7,8,6,9,10,3,11,12	0.00171429	0.951214	<1e-06	>1717.23
0,1,2,3,4,5,6,7,4,8,6,9,3,9,0,10	0.00171429	0.952929	<1e-06	>1717.23
0,1,2,3,4,5,6,7,4,8,9,10,11,12,0,13	0.0015	0.954429	1.9e-05	79.0645
0,1,2,3,4,5,6,4,7,8,6,3,9,10,11,12	0.0015	0.955929	1e-06	1502.25
0,1,2,3,4,5,6,4,7,8,9,10,11,12,13,14	0.0015	0.957429	0.002046	0.732737
0,1,2,3,4,5,6,7,4,8,9,3,10,11,0,12	0.00142857	0.958857	1e-06	1430.61
0,1,2,3,4,5,6,7,4,8,6,9,10,3,11,12	0.00142857	0.960286	1e-06	1430.61
0,1,2,3,4,5,6,7,7,8,6,3,9,3,0,10	0.00142857	0.961714	<1e-06	>1430.61
0,1,2,3,4,5,6,7,8,9,10,3,11,12,8,13	0.00135714	0.963071	2.2e-05	61.7708
0,1,2,3,4,5,6,7,4,8,9,10,11,3,12,13	0.00128571	0.964357	1.2e-05	107.28
0,1,2,3,4,5,6,7,4,8,9,10,11,12,13,14	0.00128571	0.965643	0.00205	0.626698
0,1,2,3,4,5,6,4,7,8,6,9,3,9,0,10	0.00121429	0.966857	<1e-06	>1215.76
0,1,2,3,4,5,6,7,8,9,6,10,11,12,8,13	0.00121429	0.968071	1.6e-05	75.9839
0,1,2,3,4,5,6,4,4,7,6,8,9,8,0,10	0.00121429	0.969286	<1e-06	>1215.76
0,1,2,3,4,5,6,4,7,8,6,9,10,11,0,12	0.00114286	0.970429	1e-06	1144.16
0,1,2,3,4,5,6,7,8,9,10,11,12,3,8,13	0.00114286	0.971571	2e-05	57.2071
0,1,2,3,4,5,6,7,0,8,6,3,9,3,10,11	0.00114286	0.972714	<1e-06	>1144.16
0,1,2,3,4,5,6,4,7,8,6,9,10,11,12,13	0.00114286	0.973857	2.2e-05	52.0063
0,1,2,3,4,5,6,7,4,8,9,3,10,11,12,13	0.00107143	0.974929	1.3e-05	82.5049
0,1,2,3,4,5,6,4,7,8,9,10,11,10,7,12	0.00107143	0.976	<1e-06	>1072.58
0,1,2,3,4,5,6,4,7,8,9,10,11,12,0,13	0.000928571	0.976929	1.8e-05	51.6343
0,1,2,3,4,5,6,4,7,8,9,3,10,11,12,13	0.000857143	0.977786	1.4e-05	61.2762
0,1,2,3,4,5,6,4,0,7,6,8,9,8,0,10	0.000857143	0.978643	<1e-06	>857.877
0,1,2,3,4,5,6,7,4,8,6,9,10,11,12,13	0.000785714	0.979429	1.6e-05	49.145
0,1,2,3,4,5,6,7,8,9,6,10,3,10,0,11	0.000785714	0.980214	<1e-06	>786.331
0,1,2,3,4,5,6,4,7,8,6,9,10,3,7,11	0.000714286	0.980929	<1e-06	>714.796
0,1,2,3,4,5,6,7,0,8,6,9,10,3,0,11	0.000642857	0.981571	<1e-06	>643.27
0,1,2,3,4,5,6,7,0,8,9,10,11,10,0,12	0.000642857	0.982214	1e-06	643.27
0,1,2,3,4,5,6,4,4,7,6,8,9,3,0,10	0.000642857	0.982857	<1e-06	>643.27
0,1,2,3,4,5,6,4,7,8,6,3,9,10,7,11	0.000642857	0.9835	<1e-06	>643.27
0,1,2,3,4,5,6,4,4,7,8,3,9,3,10,11	0.000642857	0.984143	<1e-06	>643.27
0,1,2,3,4,5,6,4,0,7,6,3,8,3,9,10	0.000571429	0.984714	<1e-06	>571.755
0,1,2,3,4,5,6,4,0,7,6,3,8,9,0,10	0.0005	0.985214	<1e-06	>500.25
0,1,2,3,4,5,6,4,7,8,6,9,10,11,7,12	0.0005	0.985714	<1e-06	>500.25
0,1,2,3,4,5,6,4,0,7,6,8,9,3,0,10	0.0005	0.986214	<1e-06	>500.25
0,1,2,3,4,5,6,4,7,8,9,10,11,3,12,13	0.0005	0.986714	1.8e-05	27.7912
0,1,2,3,4,5,6,7,0,8,9,3,10,3,11,12	0.0005	0.987214	<1e-06	>500.25
0,1,2,3,4,5,6,4,0,7,8,9,10,9,0,11	0.000428571	0.987643	<1e-06	>428.755
0,1,2,3,4,5,6,7,8,9,6,10,3,11,12,13	0.000428571	0.988071	1.4e-05	30.6249
0,1,2,3,4,5,6,7,8,9,6,10,3,10,11,12	0.000428571	0.9885	<1e-06	>428.755
0,1,2,3,4,5,6,4,4,7,6,8,3,8,9,10	0.000428571	0.988929	<1e-06	>428.755
0,1,2,3,4,5,6,4,4,7,6,8,3,8,0,9	0.000428571	0.989357	<1e-06	>428.755
0,1,2,3,4,5,6,7,8,9,10,11,3,11,0,12	0.000428571	0.989786	<1e-06	>428.755
0,1,2,3,4,5,6,7,8,9,10,11,3,11,12,13	0.000428571	0.990214	1.8e-05	23.8193
0,1,2,3,4,5,6,7,7,8,9,3,10,3,0,11	0.000357143	0.990571	<1e-06	>357.27
0,1,2,3,4,5,6,4,4,7,6,8,9,8,10,11	0.000357143	0.990929	<1e-06	>357.27
0,1,2,3,4,5,6,4,4,7,6,3,8,9,0,10	0.000357143	0.991286	<1e-06	>357.27
0,1,2,3,4,5,6,7,0,8,6,3,9,10,0,11	0.000357143	0.991643	<1e-06	>357.27
0,1,2,3,4,5,6,7,8,9,6,10,3,10,8,11	0.000285714	0.991929	<1e-06	>285.796
0,1,2,3,4,5,6,7,0,8,9,3,10,11,0,12	0.000285714	0.992214	<1e-06	>285.796
0,1,2,3,4,5,6,7,0,8,6,9,10,9,11,12	0.000285714	0.9925	<1e-06	>285.796
0,1,2,3,4,5,6,7,7,8,6,3,9,3,10,11	0.000285714	0.992786	<1e-06	>285.796
0,1,2,3,4,5,6,7,0,8,9,10,11,3,0,12	0.000285714	0.993071	<1e-06	>285.796
0,1,2,3,4,5,6,4,7,8,9,10,11,12,7,13	0.000285714	0.993357	1.5e-05	19.0528
0,1,2,3,4,5,6,4,7,8,9,3,10,11,7,12	0.000214286	0.993571	<1e-06	>214.331
0,1,2,3,4,5,6,7,0,8,6,9,10,3,11,12	0.000214286	0.993786	1e-06	214.331
0,1,2,3,4,5,6,7,8,9,6,10,3,11,0,12	0.000214286	0.994	<1e-06	>214.331
0,1,2,3,4,5,6,4,4,7,8,9,10,9,0,11	0.000214286	0.994214	<1e-06	>214.331
0,1,2,3,4,5,6,4,0,7,6,8,9,8,10,11	0.000214286	0.994429	<1e-06	>214.331
0,1,2,3,4,5,6,7,8,9,10,11,3,12,0,13	0.000214286	0.994643	1.7e-05	12.6075
0,1,2,3,4,5,6,4,0,7,8,9,10,3,0,11	0.000214286	0.994857	<1e-06	>214.331
0,1,2,3,4,5,6,7,0,8,6,3,9,10,11,12	0.000214286	0.995071	1e-06	214.331
0,1,2,3,4,5,6,4,4,7,8,9,10,3,0,11	0.000142857	0.995214	<1e-06	>142.877
0,1,2,3,4,5,6,4,4,7,8,9,10,3,11,12	0.000142857	0.995357	<1e-06	>142.877
0,1,2,3,4,5,6,4,4,7,8,9,3,9,0,10	0.000142857	0.9955	<1e-06	>142.877
0,1,2,3,4,5,6,7,0,8,9,10,11,12,0,13	0.000142857	0.995643	2.9e-05	4.92667
0,1,2,3,4,5,6,7,8,9,7,3,10,3,0,11	0.000142857	0.995786	<1e-06	>142.877
0,1,2,3,4,5,6,4,4,7,8,3,9,10,0,11	0.000142857	0.995929	<1e-06	>142.877
0,1,2,3,4,5,6,4,4,7,6,8,9,10,0,11	0.000142857	0.996071	<1e-06	>142.877
0,1,2,3,4,5,6,7,0,8,9,10,11,10,12,13	0.000142857	0.996214	1.8e-05	7.9375
0,1,2,3,4,5,6,4,0,7,8,3,9,3,10,11	0.000142857	0.996357	<1e-06	>142.877
0,1,2,3,4,5,6,4,7,8,6,9,3,10,0,11	0.000142857	0.9965	<1e-06	>142.877
0,1,2,3,4,5,6,7,7,8,9,10,11,12,13,14	0.000142857	0.996643	0.002145	0.0664667
0,1,2,3,4,5,6,7,4,8,6,9,3,9,10,11	0.000142857	0.996786	<1e-06	>142.877
0,1,2,3,4,5,6,7,4,8,7,3,9,3,0,10	0.000142857	0.996929	<1e-06	>142.877
0,1,2,3,4,5,6,4,7,8,9,10,3,10,11,12	0.000142857	0.997071	<1e-06	>142.877
0,1,2,3,4,5,6,7,7,8,9,3,10,3,11,12	0.000142857	0.997214	<1e-06	>142.877
0,1,2,3,4,5,6,7,4,8,9,10,3,10,0,11	0.000142857	0.997357	<1e-06	>142.877
0,1,2,3,4,5,6,7,7,8,6,9,10,9,0,11	0.000142857	0.9975	<1e-06	>142.877
0,1,2,3,4,5,6,4,7,8,9,10,3,10,0,11	0.000142857	0.997643	<1e-06	>142.877
0,1,2,3,4,5,6,7,8,9,10,11,3,12,13,14	0.000142857	0.997786	0.002136	0.0667474
0,1,2,3,4,5,6,6,7,8,6,3,9,3,0,10	0.000142857	0.997929	<1e-06	>142.877
0,1,2,3,4,5,6,4,0,7,8,9,10,9,11,12	7.14286e-05	0.998	1e-06	71.4336
0,1,2,3,4,5,6,4,0,7,8,3,9,10,0,11	7.14286e-05	0.998071	<1e-06	>71.4336
0,1,2,3,4,5,6,4,4,7,6,8,9,3,10,11	7.14286e-05	0.998143	<1e-06	>71.4336
0,1,2,3,4,5,6,4,0,7,6,8,9,3,10,11	7.14286e-05	0.998214	<1e-06	>71.4336
0,1,2,3,4,5,6,4,7,8,9,10,3,10,7,11	7.14286e-05	0.998286	<1e-06	>71.4336
0,1,2,3,4,5,6,4,0,7,6,8,3,8,0,9	7.14286e-05	0.998357	<1e-06	>71.4336
0,1,2,3,4,5,6,4,4,7,6,8,3,9,0,10	7.14286e-05	0.998429	<1e-06	>71.4336
0,1,2,3,4,5,6,4,0,7,6,3,8,9,10,11	7.14286e-05	0.9985	<1e-06	>71.4336
0,1,2,3,4,5,6,6,7,8,9,3,10,3,0,11	7.14286e-05	0.998571	<1e-06	>71.4336
0,1,2,3,4,5,6,7,0,8,9,10,11,12,13,14	7.14286e-05	0.998643	0.002023	0.0352393
0,1,2,3,4,5,6,7,0,8,9,10,11,3,12,13	7.14286e-05	0.998714	1.5e-05	4.76217
0,1,2,3,4,5,6,7,4,8,6,9,3,10,0,11	7.14286e-05	0.998786	<1e-06	>71.4336
0,1,2,3,4,5,6,7,4,8,6,9,3,10,11,12	7.14286e-05	0.998857	<1e-06	>71.4336
0,1,2,3,4,5,6,7,0,8,9,10,3,11,0,12	7.14286e-05	0.998929	<1e-06	>71.4336
0,1,2,3,4,5,6,7,0,8,9,3,10,11,12,13	7.14286e-05	0.999	2.2e-05	3.24691
0,1,2,3,4,5,6,7,4,8,6,9,10,11,4,12	7.14286e-05	0.999071	<1e-06	>71.4336
0,1,2,3,4,5,6,7,0,8,6,9,3,9,0,10	7.14286e-05	0.999143	<1e-06	>71.4336
0,1,2,3,4,5,6,7,4,8,9,10,3,11,0,12	7.14286e-05	0.999214	<1e-06	>71.4336
0,1,2,3,4,5,6,7,4,8,9,10,3,11,12,13	7.14286e-05	0.999286	5e-06	14.2867
0,1,2,3,4,5,6,4,4,7,8,3,9,10,11,12	7.14286e-05	0.999357	<1e-06	>71.4336
0,1,2,3,4,5,6,6,7,8,6,3,9,3,10,11	7.14286e-05	0.999429	<1e-06	>71.4336
0,1,2,3,4,5,6,4,7,8,9,10,11,3,7,12	7.14286e-05	0.9995	<1e-06	>71.4336
0,1,2,3,4,5,6,4,7,8,9,10,3,11,7,12	7.14286e-05	0.999571	<1e-06	>71.4336
0,1,2,3,4,5,6,7,7,8,6,3,9,10,0,11	7.14286e-05	0.999643	<1e-06	>71.4336
0,1,2,3,4,5,6,7,7,8,6,9,10,9,11,12	7.14286e-05	0.999714	<1e-06	>71.4336
0,1,2,3,4,5,6,7,7,8,6,9,10,11,0,12	7.14286e-05	0.999786	<1e-06	>71.4336
0,1,2,3,4,5,6,7,4,8,6,3,9,3,4,10	7.14286e-05	0.999857	<1e-06	>71.4336
0,1,2,3,4,5,6,4,7,8,6,9,3,9,10,11	7.14286e-05	0.999929	<1e-06	>71.4336
0,1,2,3,4,5,6,7,8,9,6,10,3,11,8,12	7.14286e-05	1	1e-06	71.4336
